g:  0.31057318460007344 0.0 0.0 0.0
V:  0.0 8.339674854572209 8.077456232271206 7.776099099222615
K:  0.0 0.31057318460007344 3.1886374541215963 0.916104021214383
N:  0.0 1.0 1.7547278435087326 1.7524886064805885