g: 1.6354984326411486 0.0 0.0 0.0
V: 0.0 3.339377797668327 8.782162846030392 8.598553457219897
K: 0.0 0.13967027516815828 0.30297869093446894 1.41356134035107
N: 0.0 1.0 1.0102873458261175 1.8788039181654843