g: 0.31069335098423595 0.0 0.0 0.0
V: 0.0 8.363650439583564 8.763554276708685 8.769817942673718
K: 0.0 0.29723197145590957 0.3161039986058931 2.3649372866977663
N: 0.0 1.0000000120369341 1.0022268190819548 1.9449377321613255